0.008088716122
0.006039823431
0.005018058383
0.004373866302
0.003922353594
0.003580983347
0.003310714934
0.003092508765
0.002911199728
0.002756291844
0.002622736489
0.002404344012
0.002230413629
0.002087103923
0.001966544547
0.001818208067
0.001698071719
0.001598851671
0.001490585377
0.001382958598
0.00129677688
0.001212445125
0.00113135277
0.001064573075
0.000993852139
0.0009298510521
0.0008666579366
0.0008108484416
0.0007576060283
0.0007079942642
0.0006627198728
0.0006192955438
0.000582122603
0.0005478866589
0.0005163473159
0.0004865703534
0.000456718695
0.0004286142632
0.0004011342353
0.0003762781615
0.0003535978888
0.0003319829868
0.0003122700999
0.0002939355833
0.000277368274
0.0002628142439
0.0002510696707
0.0002410829711
0.0002318426186
0.0002230134915
0.0002151808787
0.0002086949493
0.0002022135323
0.0001974611076
0.0001939434595
0.00019089075
0.0001882272672
0.0001869138276
0.0001861131597
0.0001859183371
0.0001851830753
0.0001843290043
0.00018297515
0.0001811605235
0.00017859412
0.0001762412891
0.0001740184778
0.0001713114526
0.0001685906237
0.0001651430741
0.0001604272699
0.0001546402567
0.0001492490399
0.0001454179733
0.0001445857414
0.0001473447492
0.0001511999525
0.0001566601352
0.0001639013941
0.0001718277643
0.0001815273766
0.000192468593
0.0002050847876
0.0002172975115
0.0002288387938
0.0002362162336
0.000237129322
0.0002367380433
0.0002371133978
0.0002342871789
0.000220254204
0.0002042394394
