0.01413563726
0.008294328671
0.006241109902
0.005159668181
0.004478208411
0.004002689843
0.003648324545
0.003371859517
0.003148773587
0.002964054406
0.002807956746
0.002557076792
0.002362739184
0.002206595901
0.002077646582
0.001920473287
0.001794215989
0.001689941291
0.00157553684
0.001460647588
0.001367735363
0.0012766804
0.001190483607
0.001119737695
0.001045023887
0.0009774149823
0.0009114466403
0.0008532656489
0.0007983555132
0.0007474631486
0.0007008176242
0.000654692466
0.0006137613385
0.0005748688398
0.0005386668426
0.0005045881039
0.000472402889
0.0004431335783
0.0004153176608
0.000389452954
0.0003654366343
0.0003431903569
0.0003224452919
0.0003030722901
0.0002850132302
0.0002682395039
0.0002527285319
0.0002383139609
0.000225036514
0.000212807013
0.0002015050487
0.0001911726684
0.000181747853
0.0001731637443
0.000165426469
0.0001585132141
0.0001523866887
0.000147042757
0.0001424702171
0.0001386474532
0.0001355829636
0.0001332643726
0.0001316912862
0.0001308628946
0.0001307782839
0.0001314378045
0.0001328409333
0.0001349899939
0.0001378860376
0.0001415332406
0.0001459360736
0.0001511050428
0.0001570491425
0.0001637836553
0.0001713264978
0.0001797019999
0.000188936584
0.0001990609067
0.0002101141201
0.000222137724
0.0002351774311
0.0002492866467
0.000264522466
0.0002809495581
0.0002986370476
0.0003176596928
0.0003381000201
0.000360045879
0.0003835939977
0.0004088458692
0.0004359131552
0.0004649141311
