442.0940435
321.902815
265.1587634
230.7020641
206.9165312
189.2222916
175.4690397
164.3329731
155.1005341
147.2992522
140.5894333
129.5513697
120.6865217
113.4558099
107.3575814
99.81086402
93.66179492
88.58272195
82.9528106
77.22705233
72.56655344
67.95080265
63.58887541
60.00448268
56.20026789
52.78721037
49.43024644
46.4655254
43.6661231
41.14747807
38.88362199
36.67920723
34.74289088
32.88833161
31.10880055
29.43371829
27.80956294
26.38191239
25.0619321
23.89184791
22.82161379
21.87322594
21.02409034
20.23604402
19.52983495
18.83993307
18.21092886
17.61236121
17.06394008
16.49532353
15.96135088
15.46961736
15.00238773
14.56116473
14.19612394
13.8865678
13.66061825
13.52214692
13.46235426
13.40828717
13.39566122
13.3971326
13.44405546
13.51994955
13.69374162
13.93319116
14.12611841
14.21861976
14.21258365
14.0730676
13.75328171
13.27809462
12.67630602
11.99465997
11.42690711
10.99090291
10.73336456
10.75093491
10.81451235
10.9366508
11.10216547
11.24650997
11.20546009
11.13842913
10.82825383
10.33071505
9.478674392
8.33338421
6.880386705
6.169485515
6.276439916
6.266703319
