0.006924456221
0.005254576501
0.004450792554
0.003961817118
0.003605275189
0.003311824596
0.003053433562
0.002824678185
0.002622788899
0.002443545307
0.002288168126
0.002047790846
0.001888100935
0.001761829067
0.001650643236
0.001534427426
0.001442715781
0.001347872825
0.001236607708
0.001152268117
0.001082263153
0.001003900724
0.0009353283507
0.0008788312304
0.000818915277
0.0007631713893
0.0007120808875
0.0006686836688
0.0006276061888
0.0005901910635
0.0005544404053
0.000519925483
0.000488695721
0.0004587029172
0.0004316514392
0.0004063784454
0.0003829419232
0.0003612493779
0.0003410367664
0.0003215333413
0.0003039593382
0.0002882780611
0.0002741481921
0.0002608782309
0.0002496054975
0.0002395619793
0.0002301869591
0.000221835416
0.0002148953171
0.0002083463289
0.0002025713825
0.000197929741
0.000194204305
0.0001909748806
0.0001887746754
0.0001864850506
0.0001837548377
0.0001797238302
0.0001748896529
0.0001693174389
0.0001643293535
0.0001597655873
0.0001567451868
0.000155946036
0.0001560494623
0.0001562521597
0.0001562742281
0.0001541279098
0.0001510253271
0.0001471602095
0.0001430196772
0.0001392100436
0.0001377368322
0.0001381408666
0.0001408910925
0.0001452392255
0.0001517751351
0.0001598643179
0.0001693962848
0.0001809675684
0.0001957618061
0.0002142973644
0.0002366997954
0.0002624574372
0.0002902691473
0.0003194648625
0.000345563834
0.0003653943549
0.0003846556133
0.0004021839184
0.0004316458071
0.0004944159825
