0.008299079814
0.006170400749
0.005111920506
0.004449514039
0.003987760447
0.003636864298
0.003358817708
0.003136519959
0.002952999555
0.002796394394
0.002661921495
0.002445136148
0.002273190441
0.002131270114
0.002009627866
0.001857105863
0.001730435234
0.00162307642
0.001507690709
0.00139768311
0.001310032841
0.001225303169
0.001148828964
0.001085100943
0.001012340135
0.0009462139051
0.0008833904097
0.0008273979308
0.0007716780561
0.0007210693106
0.0006735307825
0.0006284041682
0.000587938025
0.0005497460696
0.0005146709634
0.0004819902894
0.0004507138711
0.0004224682902
0.000396557061
0.0003732946516
0.0003509875359
0.0003304529716
0.0003109299504
0.0002937621545
0.0002778727346
0.0002634329352
0.0002505717586
0.0002392106584
0.0002287592227
0.0002197018972
0.0002115810394
0.0002049262488
0.0001991408803
0.0001942156639
0.0001885939342
0.0001829703496
0.000177473013
0.0001711404412
0.0001648540549
0.0001593294453
0.0001552681432
0.0001528244182
0.0001524134899
0.0001525486773
0.0001534448972
0.0001540485187
0.0001546170763
0.0001549134278
0.0001561124198
0.0001583457967
0.0001619138538
0.0001664027251
0.0001705225119
0.0001734212353
0.0001745460325
0.0001719885805
0.0001669830805
0.0001624486713
0.000161089996
0.0001629357618
0.000170807078
0.0001801437951
0.0001880570855
0.0001934416491
0.0001944382402
0.000194266953
0.0001907512102
0.000185134554
0.0001736332616
0.0001594141461
0.0001536551304
0.000180657294
