0.004999943675
0.00999988735
0.01499983102
0.0199997747
0.02499971837
0.02999966205
0.03499960572
0.0399995494
0.04499949307
0.04999943675
0.05499938042
0.06499926777
0.07499915512
0.08499904247
0.09499892982
0.1099987608
0.1249985919
0.1399984229
0.1599981976
0.184997916
0.2099976343
0.2399972964
0.2749969021
0.3099965078
0.3549960009
0.4049954377
0.4649947618
0.5299940295
0.6049931847
0.6899922271
0.784991157
0.8999898615
1.024988453
1.16998682
1.334984961
1.524982821
1.744980343
1.989977583
2.274974372
2.599970711
2.969966543
3.389961812
3.869956404
4.419950209
5.049943112
5.769935001
6.589925764
7.529915174
8.599903121
9.819889378
11.21987361
12.81485564
14.63483514
16.71981165
19.09978484
21.81475425
24.91971928
28.46467934
32.50963377
37.13958162
42.41952214
48.45445415
55.34937648
63.22428777
72.21918644
82.49907064
94.23393844
107.6437874
122.9586149
140.4534178
160.4331927
183.2629355
209.3376418
239.1223063
273.141923
312.0064852
356.4009851
407.1054139
465.0297614
531.199016
606.7781646
693.112192
791.7260811
904.3748121
1033.053363
1180.036707
1347.934815
1539.717655
1758.795187
2009.037368
2294.889148
2621.410469
