399.2618956
289.9650443
238.9008338
207.8912028
186.4397878
170.4685194
158.0669811
148.05269
139.7162368
132.6609488
126.5832836
116.5986873
108.6426165
102.1303213
96.71848382
90.04955041
84.60287647
80.04092667
74.97093155
69.80735767
65.58321481
61.40138513
57.43480191
54.19021474
50.79638658
47.74051996
44.77857523
42.16025083
39.68975074
37.41389066
35.34108588
33.25280078
31.40642636
29.61695266
27.93276005
26.31422588
24.83049379
23.49284449
22.25664929
21.07943361
19.9936182
18.97970752
18.03872946
17.1798853
16.41825154
15.75637868
15.12767176
14.54737356
13.94191809
13.31330171
12.65477014
12.00553941
11.40087772
10.94181806
10.61525189
10.40173968
10.24770028
10.12960746
9.999915634
9.902050173
9.842068172
9.840014678
9.872481568
9.916366973
10.01491832
10.09631034
10.13619704
10.13210856
10.09621981
9.944108634
9.712035362
9.45408654
9.173039108
8.867409419
8.593576876
8.433375207
8.500143168
8.720363569
9.037717241
9.341568078
9.62534834
9.825493811
9.862546289
9.781344413
9.613633433
9.495427057
9.305041794
8.714942766
7.588051364
5.78983589
2.957833788
1.224262356
