410.734056
298.1250701
245.8471436
213.9811482
192.0315731
175.709005
162.9628135
152.7147833
144.1825096
136.9523214
130.7091473
120.3652364
112.1149418
105.325784
99.66580873
92.72970489
87.11438779
82.4214573
77.2978465
72.10118492
67.82511333
63.62658029
59.63204043
56.3487819
52.85260886
49.64744133
46.46369732
43.65593637
40.99703574
38.52834996
36.30613424
34.14162821
32.2096822
30.39140669
28.72163344
27.08995496
25.51469171
24.10647727
22.80207225
21.62534507
20.59993449
19.70971129
18.89575495
18.09713982
17.35868566
16.70211047
16.15034871
15.67926856
15.28420219
14.93856493
14.60400917
14.24379265
13.881945
13.51857791
13.17509021
12.92131679
12.78484376
12.73320504
12.70046342
12.71945665
12.74705996
12.80298978
12.88219229
12.99883549
13.13994853
13.27441545
13.4053972
13.57346479
13.76553928
14.0218866
14.37501563
14.80578184
15.25579961
15.71418646
15.99244571
15.93925503
15.64335301
15.24183595
14.87184731
14.77991838
14.95043712
15.13880976
15.27492891
15.40615351
15.7230716
16.58513023
17.73531861
19.23398572
21.6208357
24.27996465
26.72691127
30.43196115
