425.6649641
301.1119519
245.9562793
213.0905091
190.6709721
174.1282872
161.2765338
150.9212265
142.34724
135.0968297
128.8616035
118.630735
110.5278557
103.9060515
98.3639325
91.52113353
85.95705906
81.31864577
76.1872694
70.99272089
66.76425274
62.5991451
58.6397573
55.38036328
51.93115629
48.80625095
45.75652174
43.06881283
40.53644783
38.19552478
36.05753045
33.95313605
32.0963304
30.34378474
28.7253001
27.21558346
25.80467581
24.5366592
23.34737537
22.25770773
21.26218955
20.35619515
19.52737141
18.76924148
18.07810083
17.45120723
16.88582362
16.37396951
15.91509772
15.50398852
15.1345785
14.80619891
14.51476868
14.25622329
14.02880511
13.82994055
13.65676906
13.507506
13.38029735
13.27315035
13.18507625
13.11467489
13.06107145
13.02358626
13.00174777
12.99532844
13.0043482
13.02907833
13.07003819
13.12804133
13.20417131
13.29989323
13.41694058
13.55748094
13.72408287
13.91984069
14.1483312
14.41371725
14.72093904
15.07564425
15.484326
15.95454704
16.49494895
17.11553301
17.82772324
18.64459292
19.58117529
20.65460695
21.88457735
23.29344204
24.90686876
26.75406285
