0.02375560946
0.01265019203
0.008918740599
0.007034232805
0.005890615983
0.005118828157
0.004560465729
0.004136174527
0.003801765807
0.003530654276
0.003305870285
0.002953344554
0.002688046378
0.002480010021
0.002311733086
0.002111010554
0.001953289875
0.001825396918
0.001687529214
0.001551624581
0.001443548593
0.001339182815
0.00124175761
0.001162759924
0.001080239427
0.001006336897
0.0009349000453
0.0008724192063
0.000813875855
0.0007599629094
0.0007108233157
0.0006624720261
0.0006197500863
0.0005793029797
0.0005417702245
0.0005065296899
0.0004733172272
0.0004431628694
0.0004145397226
0.0003879449208
0.0003632595987
0.0003403928395
0.0003190602047
0.0002991224515
0.0002805147454
0.0002632040075
0.0002471648233
0.0002322240692
0.0002184239891
0.0002056733276
0.0001938485839
0.0001829970151
0.0001730583333
0.0001639678112
0.0001557390587
0.0001483565272
0.0001417902908
0.0001360469053
0.0001311261914
0.0001270170811
0.0001237406138
0.000121294378
0.0001196869853
0.0001189239262
0.0001190073746
0.0001199374694
0.0001217095854
0.0001243196753
0.0001277595771
0.0001320232508
0.0001371041487
0.000143002535
0.0001497173097
0.0001572552851
0.0001656271619
0.000174851762
0.0001849511651
0.0001959529948
0.0002078948618
0.0002208175056
0.0002347667062
0.0002497968584
0.0002659665554
0.0002833426171
0.000301996686
0.0003220064125
0.0003434576368
0.0003664417647
0.0003910594564
0.0004174162863
0.0004456283683
0.0004758186175
