0.01017307442
0.006135966644
0.004687435196
0.00391260558
0.003418550497
0.003070594608
0.00280936005
0.002604313505
0.002438021736
0.002299744249
0.002182469528
0.001993160986
0.001845814793
0.001726985631
0.001628560516
0.001508247338
0.001411337659
0.001331135744
0.001242984345
0.001154310715
0.001082506648
0.001012074145
0.0009453587964
0.0008905871993
0.0008327455754
0.0007804231067
0.000729406523
0.0006844602376
0.0006421004999
0.0006029105969
0.0005670688567
0.0005317207934
0.000500451457
0.0004708459721
0.000443402874
0.0004176920024
0.0003935418811
0.0003717136061
0.0003511103408
0.0003320986024
0.0003145942524
0.0002985294997
0.0002836992426
0.0002700008613
0.0002573816155
0.0002458073166
0.0002352451181
0.0002255633786
0.0002167692917
0.0002087810245
0.000201497017
0.0001949197911
0.0001889832948
0.00018361841
0.0001788011332
0.0001744888543
0.0001706298871
0.0001671935047
0.0001641454308
0.0001614449608
0.000159073671
0.0001570002997
0.0001552047731
0.0001536703296
0.0001523839303
0.0001513373377
0.0001505298161
0.0001499653573
0.000149657357
0.0001496282542
0.0001499120919
0.0001505570867
0.0001516277813
0.0001532089474
0.0001554086709
0.0001583630588
0.0001622385366
0.0001672352363
0.0001735915898
0.0001815826292
0.0001915202501
0.0002037549755
0.0002186721303
0.0002366953117
0.0002582854789
0.0002839463001
0.0003142345407
0.0003497669896
0.0003912384507
0.0004394292606
0.0004952308036
0.0005596566313
