508.784401
349.6588265
282.7341072
243.6785232
217.3390285
198.0434498
183.1269789
171.15111
161.2622
152.917493
145.7532459
134.020187
124.7451668
117.1756091
110.8463988
103.0383306
96.69368311
91.40675301
85.55941205
79.64060342
74.82203353
70.07426082
65.55872151
61.8390288
57.89934395
54.32610707
50.83408401
47.75162562
44.84197963
42.14657298
39.67891528
37.24329016
35.08745328
33.04559434
31.15256323
29.37907084
27.7135951
26.20883398
24.7893225
23.48042877
22.27639455
21.17253879
20.15471895
19.21582576
18.35214993
17.56122313
16.84063817
16.18123792
15.58332058
15.04111139
14.54751001
14.10247371
13.70131097
13.339133
13.01410049
12.72311743
12.46247287
12.22986148
12.02272298
11.8380273
11.67422021
11.5288048
11.39996267
11.28598779
11.1852731
11.09632904
11.01794969
10.94887348
10.88809283
10.83465026
10.78772196
10.74654395
10.71048356
10.67896309
10.65148817
10.62762786
10.60702724
10.5893953
10.57450005
10.56218218
10.55235369
10.54500326
10.54021109
10.53816298
10.5391737
10.5437156
10.55245839
10.56631972
10.5865331
10.61472945
10.65304872
10.7042703
