480.6903941
324.6667449
260.8355044
224.0411012
199.4007597
181.4321302
167.5857166
156.4950473
147.3535124
139.6503591
133.0444103
122.2396166
113.7095985
106.7546288
100.9433607
93.77872038
87.95998878
83.11299884
77.75357283
72.32951021
67.91387106
63.56274864
59.42361292
56.01293649
52.39901577
49.11936991
45.91195948
43.07827281
40.40075259
37.91744809
35.64090376
33.39036292
31.39474351
29.50081577
27.74090706
26.08787238
24.53098331
23.11978065
21.78377113
20.54697552
19.40431107
18.35176216
17.37627633
16.47144515
15.63413629
14.86247232
14.15470578
13.50245735
12.90666856
12.36228722
11.86284618
11.40897481
10.99658662
10.62130763
10.28185866
9.975617469
9.699240332
9.45079598
9.228020671
9.028070501
8.849629551
8.690299794
8.548362743
8.422172807
8.310147302
8.21079215
8.12289409
8.045146647
7.976501584
7.915944314
7.862591312
7.815608921
7.774296546
7.738000634
7.706147037
7.678217194
7.653760719
7.632378175
7.61371004
7.597446035
7.583314337
7.571074506
7.560518996
7.551466733
7.54376285
7.537275179
7.531891647
7.527519495
7.524083008
7.521523119
7.519795704
7.518871401
